product_id,sales_amount
1001,500
1002,300
1003,200
1004,450
1005,600
1006,250
1007,300
1008,150
1009,400
1010,700
1001,550
1002,350
1003,220
1004,480
1005,620
1006,270
1007,310
1008,160
1009,420
1010,730
1001,580
1002,370
1003,230
1004,490
1005,640
1006,280
1007,320
1008,170
1009,430
1010,750
1001,590
1002,380
1003,240
1004,500
1005,650
1006,290
1007,330
1008,180
1009,440
1010,760
1001,600
1002,390
1003,250
1004,510
1005,660
1006,300
1007,340
1008,190
1009,450
1010,770
1001,610
1002,400
1003,260
1004,520
1005,670
1006,310
1007,350
1008,200
1009,460
1010,780
1001,620
1002,410
1003,270
1004,530
1005,680
1006,320
1007,360
1008,210
1009,470
1010,790
1001,630
1002,420
1003,280
1004,540
1005,690
1006,330
1007,370
1008,220
1009,480
1010,800
1001,500
1002,300
1003,200
1004,450
1005,600
1006,250
1007,300
1008,150
1009,400
1010,700
1001,550
1002,350
1003,220
1004,480
1005,620
1006,270
1007,310
1008,160
1009,420
1010,730
1001,580
1002,370
1003,230
1004,490
1005,640
1006,280
1007,320
1008,170
1009,430
1010,750
1001,590
1002,380
1003,240
1004,500
1005,650
1006,290
1007,330
1008,180
1009,440
1010,760
1001,600
1002,390
1003,250
1004,510
1005,660
1006,300
1007,340
1008,190
1009,450
1010,770
1001,610
1002,400
1003,260
1004,520
1005,670
1006,310
1007,350
1008,200
1009,460
1010,780
1001,620
1002,410
1003,270
1004,530
1005,680
1006,320
1007,360
1008,210
1009,470
1010,790
1001,630
1002,420
1003,280
1004,540
1005,690
1006,330
1007,370
1008,220
1009,480
1010,800
1001,500
1002,300
1003,200
1004,450
1005,600
1006,250
1007,300
1008,150
1009,400
1010,700
1001,550
1002,350
1003,220
1004,480
1005,620
1006,270
1007,310
1008,160
1009,420
1010,730
1001,580
1002,370
1003,230
1004,490
1005,640
1006,280
1007,320
1008,170
1009,430
1010,750
1001,590
1002,380
1003,240
1004,500
1005,650
1006,290
1007,330
1008,180
1009,440
1010,760
1001,600
1002,390
1003,250
1004,510
1005,660
1006,300
1007,340
1008,190
1009,450
1010,770
1001,610
1002,400
1003,260
1004,520
1005,670
1006,310
1007,350
1008,200
1009,460
1010,780
1001,620
1002,410
1003,270
1004,530
1005,680
1006,320
1007,360
1008,210
1009,470
1010,790
1001,630
1002,420
1003,280
1004,540
1005,690
1006,330
1007,370
1008,220
1009,480
1010,800
1001,500
1002,300
1003,200
1004,450
1005,600
1006,250
1007,300
1008,150
1009,400
1010,700
1001,550
1002,350
1003,220
1004,480
1005,620
1006,270
1007,310
1008,160
1009,420
1010,730
1001,580
1002,370
1003,230
1004,490
1005,640
1006,280
1007,320
1008,170
1009,430
1010,750
1001,590
1002,380
1003,240
1004,500
1005,650
1006,290
1007,330
1008,180
1009,440
1010,760
1001,600
1002,390
1003,250
1004,510
1005,660
1006,300
1007,340
1008,190
1009,450
1010,770
1001,610
1002,400
1003,260
1004,520
1005,670
1006,310
1007,350
1008,200
1009,460
1010,780
1001,620
1002,410
1003,270
1004,530
1005,680
1006,320
1007,360
1008,210
1009,470
1010,790
1001,630
1002,420
1003,280
1004,540
1005,690
1006,330
1007,370
1008,220
1009,480
1010,800
